alfa1=-1.645679;
alfa2=0.675125;
beta1=0.010980;
beta2=0.009632;
u_min = -1;
u_max = 1;